Yellow	Orange	Green	Purple 	Red	Total
5	9	15	14	13	56
7	11	12	17	11	58
8	10	14	15	12	59
8	12	14	14	10	58
8	6	17	16	12	59
9	13	13	14	11	60
9	9	13	10	16	57
10	10	11	12	16	59
10	15	8	16	12	61
10	10	13	12	14	59
10	9	16	13	12	60
10	10	15	14	10	59
11	13	12	12	14	62
11	13	15	11	8	58
11	13	9	13	13	59
11	13	16	10	9	59
11	8	14	12	16	61
12	15	8	10	16	61
12	13	4	15	16	60
12	10	11	9	16	58
12	15	12	13	10	62
12	11	16	12	7	58
12	12	12	8	17	61
12	15	13	10	9	59
12	16	16	7	9	60
12	16	13	15	5	61
13	12	5	15	13	58
13	12	14	9	10	58
13	11	13	11	10	58
13	16	12	5	14	60
14	6	16	14	9	59
14	7	17	9	14	61
14	7	11	13	14	59
14	14	9	14	8	59
14	17	16	7	6	60
14	12	14	11	8	59
14	12	8	17	10	61
15	8	6	17	13	59
15	5	13	8	14	55
15	14	13	9	9	60
15	9	9	17	12	62
15	16	10	9	9	59
16	3	19	10	12	60
16	17	5	8	12	58
16	12	7	12	14	61
16	5	15	12	12	60
17	10	10	17	5	59
17	11	15	8	8	59
17	14	7	9	12	59
17	9	16	6	11	59
